0.29915640260211845 0.29915640260211845 0.29915640260211845 0.29915640260211845 0.3323960028912427 0.3323960028912427 -1.0 0.3323960028912427 -1.0 -1.0 -1.0 0.41036543566820083 -1.0 0.41036543566820083 0.36932889210138076 0.41036543566820083 0.41036543566820083 0.41036543566820083 0.41036543566820083 0.41036543566820083 0.41036543566820083 0.41036543566820083 0.41036543566820083 0.41036543566820083 0.41036543566820083 
0.3323960028912427 -1.0 0.3323960028912427 0.29915640260211845 0.3323960028912427 0.36932889210138076 -1.0 0.36932889210138076 0.36932889210138076 0.41036543566820083 0.41036543566820083 0.41036543566820083 0.4559615951868898 -1.0 -1.0 -1.0 0.4559615951868898 0.4559615951868898 0.4559615951868898 0.4559615951868898 0.4559615951868898 0.4559615951868898 0.4559615951868898 0.4559615951868898 -1.0 
-1.0 0.36932889210138076 -1.0 -1.0 -1.0 -1.0 0.41036543566820083 0.41036543566820083 -1.0 -1.0 0.4559615951868898 0.4559615951868898 -1.0 0.5066239946520997 0.5066239946520997 0.5066239946520997 0.5066239946520997 -1.0 0.5066239946520997 -1.0 -1.0 0.5066239946520997 0.5066239946520997 -1.0 -1.0 
0.3323960028912427 0.36932889210138076 0.41036543566820083 0.4559615951868898 0.4559615951868898 0.4559615951868898 0.4559615951868898 0.4559615951868898 0.4559615951868898 0.5066239946520997 0.5066239946520997 -1.0 0.5066239946520997 0.5629155496134441 0.5629155496134441 -1.0 0.5629155496134441 0.5629155496134441 -1.0 -1.0 0.5629155496134441 0.5629155496134441 -1.0 -1.0 0.5629155496134441 
0.3323960028912427 -1.0 -1.0 0.4559615951868898 0.5066239946520997 0.5066239946520997 0.5066239946520997 0.5066239946520997 0.5066239946520997 0.5066239946520997 0.5629155496134441 0.5629155496134441 0.5629155496134441 0.5629155496134441 0.6254617217927158 -1.0 -1.0 0.6254617217927158 -1.0 0.6254617217927158 0.6254617217927158 -1.0 0.6254617217927158 0.6254617217927158 0.6254617217927158 
0.36932889210138076 0.36932889210138076 0.41036543566820083 -1.0 0.5066239946520997 0.5629155496134441 -1.0 0.5629155496134441 -1.0 0.5629155496134441 0.5629155496134441 0.6254617217927158 -1.0 -1.0 -1.0 0.694957468658573 0.694957468658573 0.694957468658573 0.694957468658573 0.694957468658573 -1.0 0.694957468658573 0.694957468658573 -1.0 0.694957468658573 
-1.0 0.41036543566820083 -1.0 0.4559615951868898 0.5066239946520997 0.5629155496134441 0.6254617217927158 0.6254617217927158 0.6254617217927158 0.6254617217927158 0.6254617217927158 -1.0 0.694957468658573 -1.0 -1.0 -1.0 0.7721749651761922 -1.0 0.7721749651761922 0.7721749651761922 0.7721749651761922 0.7721749651761922 -1.0 0.7721749651761922 -1.0 
0.36932889210138076 -1.0 0.4559615951868898 0.5066239946520997 0.5066239946520997 0.5629155496134441 -1.0 0.694957468658573 -1.0 0.694957468658573 0.694957468658573 0.694957468658573 0.694957468658573 0.7721749651761922 0.8579721835291024 0.8579721835291024 0.8579721835291024 -1.0 0.8579721835291024 0.8579721835291024 0.7721749651761922 0.8579721835291024 -1.0 0.8579721835291024 -1.0 
0.36932889210138076 0.41036543566820083 0.4559615951868898 0.5066239946520997 0.5629155496134441 -1.0 -1.0 0.7721749651761922 -1.0 0.7721749651761922 0.7721749651761922 0.694957468658573 -1.0 -1.0 -1.0 0.9533024261434472 -1.0 -1.0 0.9533024261434472 -1.0 -1.0 -1.0 0.9533024261434472 -1.0 0.9533024261434472 
0.36932889210138076 0.41036543566820083 0.4559615951868898 0.5066239946520997 0.5629155496134441 0.6254617217927158 0.694957468658573 0.7721749651761922 0.8579721835291024 0.8579721835291024 -1.0 -1.0 -1.0 -1.0 1.0592249179371636 1.0592249179371636 -1.0 -1.0 1.0592249179371636 1.0592249179371636 1.0592249179371636 1.0592249179371636 1.0592249179371636 1.0592249179371636 1.0592249179371636 
-1.0 0.41036543566820083 0.4559615951868898 0.5066239946520997 0.5629155496134441 0.6254617217927158 -1.0 0.7721749651761922 0.8579721835291024 0.9533024261434472 0.9533024261434472 -1.0 1.0592249179371636 -1.0 1.1769165754857371 1.1769165754857371 1.1769165754857371 1.1769165754857371 1.1769165754857371 1.1769165754857371 -1.0 -1.0 1.1769165754857371 -1.0 1.1769165754857371 
0.36932889210138076 0.41036543566820083 0.4559615951868898 0.5066239946520997 0.5629155496134441 -1.0 0.694957468658573 0.7721749651761922 0.8579721835291024 0.9533024261434472 1.0592249179371636 1.0592249179371636 1.0592249179371636 1.1769165754857371 -1.0 1.3076850838730412 -1.0 1.3076850838730412 1.3076850838730412 -1.0 1.3076850838730412 1.3076850838730412 1.3076850838730412 1.3076850838730412 -1.0 
0.36932889210138076 0.41036543566820083 0.4559615951868898 0.5066239946520997 0.5629155496134441 0.6254617217927158 -1.0 0.7721749651761922 0.8579721835291024 0.9533024261434472 -1.0 1.1769165754857371 1.1769165754857371 1.1769165754857371 1.3076850838730412 1.4529834265256012 1.4529834265256012 1.4529834265256012 1.4529834265256012 1.4529834265256012 -1.0 -1.0 1.4529834265256012 -1.0 -1.0 
-1.0 0.41036543566820083 0.4559615951868898 0.5066239946520997 0.5629155496134441 -1.0 -1.0 0.7721749651761922 0.8579721835291024 -1.0 1.0592249179371636 1.1769165754857371 1.3076850838730412 -1.0 1.3076850838730412 1.4529834265256012 1.6144260294728903 -1.0 1.6144260294728903 1.6144260294728903 -1.0 -1.0 1.6144260294728903 1.6144260294728903 1.6144260294728903 
0.36932889210138076 0.41036543566820083 0.4559615951868898 0.5066239946520997 -1.0 -1.0 0.694957468658573 -1.0 0.8579721835291024 0.9533024261434472 1.0592249179371636 1.1769165754857371 1.3076850838730412 1.4529834265256012 -1.0 1.4529834265256012 1.6144260294728903 1.7938066994143225 -1.0 -1.0 1.7938066994143225 1.7938066994143225 1.7938066994143225 1.7938066994143225 1.7938066994143225 
-1.0 0.41036543566820083 0.4559615951868898 0.4559615951868898 0.4559615951868898 -1.0 -1.0 -1.0 0.8579721835291024 0.9533024261434472 1.0592249179371636 1.1769165754857371 1.3076850838730412 -1.0 1.6144260294728903 1.6144260294728903 1.6144260294728903 -1.0 1.9931185549048027 1.9931185549048027 1.9931185549048027 1.9931185549048027 1.9931185549048027 1.9931185549048027 -1.0 
0.36932889210138076 0.41036543566820083 0.4559615951868898 0.5066239946520997 0.5066239946520997 -1.0 0.5629155496134441 -1.0 -1.0 -1.0 1.0592249179371636 -1.0 1.3076850838730412 1.4529834265256012 1.6144260294728903 1.7938066994143225 1.7938066994143225 1.7938066994143225 1.9931185549048027 2.2145761721164474 -1.0 2.2145761721164474 2.2145761721164474 2.2145761721164474 -1.0 
0.36932889210138076 0.41036543566820083 0.4559615951868898 0.5066239946520997 0.5629155496134441 0.5629155496134441 0.6254617217927158 0.6254617217927158 -1.0 0.9533024261434472 -1.0 -1.0 1.3076850838730412 1.4529834265256012 -1.0 -1.0 1.9931185549048027 -1.0 1.9931185549048027 -1.0 2.460640191240497 -1.0 2.460640191240497 2.460640191240497 2.460640191240497 
0.36932889210138076 -1.0 -1.0 -1.0 0.5629155496134441 0.6254617217927158 -1.0 0.694957468658573 -1.0 0.9533024261434472 1.0592249179371636 1.1769165754857371 1.3076850838730412 1.3076850838730412 1.3076850838730412 -1.0 1.9931185549048027 2.2145761721164474 2.2145761721164474 -1.0 -1.0 2.7340446569338854 -1.0 -1.0 2.7340446569338854 
-1.0 -1.0 0.4559615951868898 -1.0 -1.0 0.6254617217927158 0.694957468658573 0.7721749651761922 -1.0 0.9533024261434472 -1.0 1.1769165754857371 -1.0 1.4529834265256012 -1.0 -1.0 -1.0 -1.0 2.460640191240497 2.460640191240497 -1.0 3.037827396593206 3.037827396593206 -1.0 3.037827396593206 
-1.0 0.41036543566820083 0.4559615951868898 0.5066239946520997 0.5629155496134441 0.6254617217927158 0.694957468658573 -1.0 0.8579721835291024 0.9533024261434472 1.0592249179371636 -1.0 -1.0 1.4529834265256012 1.6144260294728903 -1.0 1.9931185549048027 2.2145761721164474 2.460640191240497 2.7340446569338854 -1.0 3.375363773992451 3.375363773992451 3.375363773992451 3.375363773992451 
0.36932889210138076 0.41036543566820083 0.4559615951868898 0.5066239946520997 0.5629155496134441 0.6254617217927158 0.694957468658573 0.7721749651761922 0.8579721835291024 0.9533024261434472 0.9533024261434472 -1.0 1.3076850838730412 1.4529834265256012 1.6144260294728903 1.7938066994143225 1.9931185549048027 2.2145761721164474 -1.0 2.7340446569338854 3.037827396593206 3.375363773992451 3.7504041933249455 3.7504041933249455 3.7504041933249455 
0.36932889210138076 0.41036543566820083 0.4559615951868898 0.5066239946520997 0.5629155496134441 -1.0 0.694957468658573 0.7721749651761922 -1.0 -1.0 0.8579721835291024 -1.0 1.3076850838730412 -1.0 1.6144260294728903 -1.0 1.9931185549048027 -1.0 2.460640191240497 2.7340446569338854 3.037827396593206 3.375363773992451 -1.0 4.185363773992451 -1.0 
0.36932889210138076 0.41036543566820083 0.4559615951868898 0.5066239946520997 -1.0 0.6254617217927158 -1.0 0.694957468658573 -1.0 0.7721749651761922 0.7721749651761922 -1.0 -1.0 1.4529834265256012 1.6144260294728903 1.7938066994143225 1.9931185549048027 2.2145761721164474 2.460640191240497 2.7340446569338854 3.037827396593206 -1.0 -1.0 4.650404193324945 4.6301286337345005 
0.36932889210138076 0.41036543566820083 0.4559615951868898 0.5066239946520997 0.5629155496134441 -1.0 -1.0 0.6254617217927158 0.694957468658573 0.694957468658573 0.694957468658573 0.694957468658573 -1.0 -1.0 1.6144260294728903 1.7938066994143225 1.9931185549048027 2.2145761721164474 -1.0 2.7340446569338854 2.7340446569338854 -1.0 4.116774531871742 2.653204567922901 5.185363773992451 
