0.2318843907910107 0.2318843907910107 0.2318843907910107 -1.0 0.2318843907910107 0.2318843907910107 -1.0 -1.0 0.3420292638707261 -1.0 -1.0 0.40540797698378517 0.40540797698378517 0.40540797698378517 0.40540797698378517 0.40540797698378517 -1.0 0.40540797698378517 0.40540797698378517 -1.0 0.3568101468121607 0.3568101468121607 0.40540797698378517 -1.0 0.40540797698378517 
0.257649323101123 -1.0 0.257649323101123 0.257649323101123 0.257649323101123 0.257649323101123 -1.0 0.4292617405598633 -1.0 -1.0 0.4504533077597613 -1.0 0.4504533077597613 -1.0 0.4504533077597613 0.4504533077597613 0.4504533077597613 0.4504533077597613 0.4504533077597613 0.4504533077597613 0.4504533077597613 0.4504533077597613 -1.0 0.4504533077597613 0.4504533077597613 
0.2862770256679144 0.2862770256679144 -1.0 -1.0 0.2862770256679144 -1.0 -1.0 0.4292617405598633 0.47695748951095923 0.47695748951095923 0.5005036752886236 0.5005036752886236 0.5005036752886236 -1.0 0.5005036752886236 0.5005036752886236 0.5005036752886236 -1.0 0.5005036752886236 0.5005036752886236 0.5005036752886236 0.5005036752886236 -1.0 -1.0 0.5005036752886236 
0.31808558407546045 0.31808558407546045 -1.0 0.31808558407546045 0.31808558407546045 -1.0 -1.0 0.44050635408908734 -1.0 0.5561151947651373 -1.0 0.5561151947651373 -1.0 -1.0 -1.0 0.5561151947651373 0.5561151947651373 0.5561151947651373 -1.0 -1.0 0.5561151947651373 0.5561151947651373 0.5561151947651373 0.5561151947651373 0.5561151947651373 
0.3534284267505116 0.3534284267505116 0.3534284267505116 0.3534284267505116 0.3534284267505116 -1.0 0.3964557186801786 0.5005036752886236 0.5561151947651373 0.6179057719612636 0.6179057719612636 0.6179057719612636 0.6179057719612636 0.6179057719612636 -1.0 -1.0 0.6179057719612636 -1.0 0.6179057719612636 0.6179057719612636 -1.0 0.6179057719612636 0.6179057719612636 0.6179057719612636 0.6179057719612636 
0.3926982519450129 0.3926982519450129 -1.0 0.3926982519450129 0.3926982519450129 0.3926982519450129 -1.0 0.44050635408908734 0.5561151947651373 -1.0 0.6865619688458484 0.6865619688458484 0.6865619688458484 -1.0 0.6865619688458484 0.6865619688458484 0.6865619688458484 -1.0 0.6865619688458484 0.6865619688458484 0.6865619688458484 -1.0 0.6865619688458484 0.6865619688458484 0.6865619688458484 
-1.0 0.43633139105001434 0.43633139105001434 0.43633139105001434 0.43633139105001434 0.43633139105001434 -1.0 0.5005036752886236 -1.0 0.6179057719612636 0.6865619688458484 0.7628466320509426 0.7628466320509426 0.7628466320509426 0.7628466320509426 -1.0 0.7628466320509426 0.7628466320509426 -1.0 0.7628466320509426 -1.0 0.7628466320509426 0.7628466320509426 0.7628466320509426 0.7628466320509426 
-1.0 0.43633139105001434 0.48481265672223817 0.48481265672223817 0.48481265672223817 0.48481265672223817 -1.0 -1.0 0.5561151947651373 0.543835005048256 -1.0 0.7628466320509426 0.8476073689454918 -1.0 -1.0 0.8476073689454918 -1.0 0.8476073689454918 0.8476073689454918 -1.0 -1.0 -1.0 0.8476073689454918 0.8476073689454918 -1.0 
0.3926982519450129 0.43633139105001434 -1.0 0.5386807296913757 0.5386807296913757 0.5386807296913757 0.5386807296913757 0.5386807296913757 -1.0 0.4894515045434304 -1.0 -1.0 -1.0 0.9417859654949909 0.9417859654949909 0.9417859654949909 0.9417859654949909 0.9417859654949909 0.9417859654949909 0.9417859654949909 -1.0 0.9417859654949909 -1.0 0.9417859654949909 0.9417859654949909 
0.3926982519450129 0.43633139105001434 -1.0 -1.0 0.5985341441015285 0.5985341441015285 0.5985341441015285 -1.0 -1.0 -1.0 -1.0 -1.0 1.04642885054999 -1.0 1.04642885054999 1.04642885054999 1.04642885054999 1.04642885054999 -1.0 1.04642885054999 -1.0 1.04642885054999 -1.0 1.04642885054999 -1.0 
-1.0 -1.0 0.48481265672223817 0.5386807296913757 0.5985341441015285 0.680835551948826 -1.0 -1.0 -1.0 0.9417859654949909 1.04642885054999 1.162698722833322 1.162698722833322 1.162698722833322 1.162698722833322 1.162698722833322 1.162698722833322 -1.0 1.162698722833322 1.162698722833322 1.162698722833322 -1.0 1.1769165754857371 -1.0 -1.0 
0.3926982519450129 0.43633139105001434 -1.0 0.5386807296913757 -1.0 -1.0 0.768000407258263 0.768000407258263 0.8476073689454918 0.9417859654949909 1.04642885054999 1.162698722833322 1.2918874698148022 1.2918874698148022 1.2918874698148022 1.2918874698148022 -1.0 1.2918874698148022 1.2918874698148022 1.2918874698148022 1.3076850838730412 1.2918874698148022 1.3076850838730412 1.3076850838730412 -1.0 
-1.0 0.43633139105001434 0.48481265672223817 0.48481265672223817 -1.0 -1.0 -1.0 0.8533337858425144 0.8533337858425144 0.9417859654949909 1.04642885054999 1.162698722833322 -1.0 1.435430522016447 -1.0 1.435430522016447 1.435430522016447 1.435430522016447 -1.0 1.435430522016447 1.435430522016447 1.4529834265256012 -1.0 1.4529834265256012 1.4529834265256012 
0.3926982519450129 0.4534965604819318 0.48481265672223817 0.5386807296913757 0.5386807296913757 -1.0 0.768000407258263 0.8533337858425144 0.9481486509361271 0.9481486509361271 -1.0 1.162698722833322 1.2918874698148022 1.435430522016447 1.5949228022404967 1.5949228022404967 1.5949228022404967 -1.0 -1.0 -1.0 1.5949228022404967 1.6144260294728903 -1.0 1.6144260294728903 1.6144260294728903 
0.3926982519450129 -1.0 0.5038850672021464 -1.0 0.5985341441015285 -1.0 0.768000407258263 0.8533337858425144 0.9481486509361271 1.0534985010401412 1.0534985010401412 1.162698722833322 -1.0 -1.0 1.5949228022404967 1.7721364469338852 1.7721364469338852 1.7938066994143225 -1.0 1.7721364469338852 -1.0 -1.0 1.7938066994143225 1.7938066994143225 1.7938066994143225 
-1.0 -1.0 0.5038850672021464 0.5598722968912738 0.6220803298791932 0.6912003665324368 0.768000407258263 0.8533337858425144 -1.0 1.0534985010401412 1.1705538900446013 1.1705538900446013 -1.0 1.435430522016447 1.5949228022404967 1.7721364469338852 1.9690404965932058 1.9690404965932058 1.9931185549048027 -1.0 -1.0 1.9931185549048027 1.9931185549048027 1.9690404965932058 1.9931185549048027 
0.40202658507026223 -1.0 -1.0 0.5598722968912738 -1.0 0.6912003665324368 0.768000407258263 0.8405377184553406 -1.0 -1.0 1.1705538900446013 1.3006154333828903 -1.0 1.5816200075932052 -1.0 -1.0 -1.0 2.1878227739924507 2.1878227739924507 2.2145761721164474 2.2145761721164474 -1.0 1.9690404965932058 2.2145761721164474 2.2145761721164474 
-1.0 0.4466962056336247 0.49632911737069413 -1.0 0.6220803298791932 -1.0 0.7564839466098066 -1.0 0.9481486509361271 1.0534985010401412 1.1705538900446013 -1.0 1.4451282593143224 1.5816200075932052 1.75735556399245 1.9931185549048027 1.9931185549048027 -1.0 2.430914193324945 2.430914193324945 2.460640191240497 -1.0 -1.0 -1.0 2.460640191240497 
0.40202658507026223 0.4466962056336247 0.49632911737069413 0.5598722968912738 -1.0 0.680835551948826 0.680835551948826 -1.0 0.9481486509361271 1.0534985010401412 1.1705538900446013 -1.0 -1.0 1.6056980659048026 1.7938066994143225 1.9931185549048027 2.2145761721164474 -1.0 2.460640191240497 2.70101577036105 2.70101577036105 2.7340446569338854 2.7340446569338854 2.7340446569338854 2.7340446569338854 
0.40202658507026223 0.4534965604819318 0.5038850672021464 0.5598722968912738 0.6220803298791932 0.6220803298791932 -1.0 -1.0 0.9481486509361271 1.0534985010401412 -1.0 1.3006154333828903 -1.0 1.6056980659048026 1.7938066994143225 1.9931185549048027 2.2145761721164474 2.460640191240497 2.7340446569338854 2.7340446569338854 3.0011286337345 -1.0 3.037827396593206 3.037827396593206 3.037827396593206 
0.40814690443373863 -1.0 -1.0 0.5598722968912738 -1.0 0.6912003665324368 -1.0 -1.0 0.9481486509361271 1.0534985010401412 1.1705538900446013 1.3006154333828903 1.4451282593143224 -1.0 1.7938066994143225 1.9931185549048027 -1.0 2.460640191240497 2.7340446569338854 3.037827396593206 -1.0 3.334587370816111 3.334587370816111 3.375363773992451 -1.0 
0.40814690443373863 -1.0 0.5038850672021464 -1.0 0.6220803298791932 0.6912003665324368 0.768000407258263 -1.0 0.9481486509361271 -1.0 1.1705538900446013 1.3006154333828903 1.4451282593143224 1.6056980659048026 1.7938066994143225 1.9931185549048027 2.2145761721164474 2.460640191240497 -1.0 -1.0 3.375363773992451 3.375363773992451 3.7050970786845676 -1.0 3.7504041933249455 
0.40814690443373863 0.4534965604819318 0.5038850672021464 0.5598722968912738 0.6220803298791932 -1.0 -1.0 0.8533337858425144 0.9481486509361271 1.0534985010401412 1.1705538900446013 1.3006154333828903 1.4451282593143224 1.6056980659048026 -1.0 1.9931185549048027 2.2145761721164474 2.460640191240497 2.7340446569338854 3.037827396593206 3.375363773992451 3.7504041933249455 -1.0 4.16711577036105 4.16711577036105 
0.40814690443373863 0.4534965604819318 0.5038850672021464 0.5598722968912738 0.6220803298791932 0.6912003665324368 0.768000407258263 0.8533337858425144 0.9481486509361271 1.0534985010401412 1.1705538900446013 1.3006154333828903 1.4451282593143224 -1.0 1.75735556399245 1.9931185549048027 -1.0 -1.0 2.7340446569338854 3.037827396593206 3.375363773992451 -1.0 4.16711577036105 -1.0 4.6301286337345005 
0.40814690443373863 0.4534965604819318 0.5038850672021464 0.5598722968912738 0.6220803298791932 -1.0 -1.0 0.8533337858425144 0.9481486509361271 1.0534985010401412 -1.0 1.2811122061504963 1.4234580068338847 1.5816200075932052 -1.0 -1.0 -1.0 2.460640191240497 2.7340446569338854 -1.0 -1.0 3.7504041933249455 -1.0 4.650404193324945 5.185363773992451 
